0 11 1 "$\cos\theta_{\mu}$" ""
0 -1 -0.27
1 -0.27 0.29
2 0.29 0.46
3 0.46 0.58
4 0.58 0.67
5 0.67 0.77
6 0.77 0.82
7 0.82 0.88
8 0.88 0.93
9 0.93 0.97
10 0.97 1

1 5 1 "$p_{\mu}$" "GeV$/c$"
11 0.15 0.23
12 0.23 0.32
13 0.32 0.45
14 0.45 0.66
15 0.66 inf

2 7 1 "$\cos\theta_{\pi}$" ""
16 -1 -0.47
17 -0.47 0
18 0 0.39
19 0.39 0.65
20 0.65 0.84
21 0.84 0.93
22 0.93 1

3 4 1 "$p_{\pi}$" "GeV$/c$"
23 0.10 0.16
24 0.16 0.19
25 0.19 0.22
26 0.22 inf

4 7 1 "$\theta_{\mu\pi}$" "rad"
27 0 0.49
28 0.49 0.93
29 0.93 1.26
30 1.26 1.57
31 1.57 1.88
32 1.88 2.21
33 2.21 2.65