numXbins 34
numYbins 34
xbin  ybin  z
0  0  3.70376567286753056e-01
0  1  1.89298557320958349e-01
0  2  2.08291445142704590e-01
0  3  -2.73605081544868178e-01
0  4  -2.61673115934594080e-01
0  5  -1.71972124274823723e-01
0  6  3.72468310651462853e-02
0  7  1.15483981454404611e-01
0  8  9.79073663474000766e-02
0  9  7.73370777078608573e-02
0  10  1.85923365516774297e-01
0  11  0.00000000000000000e+00
0  12  0.00000000000000000e+00
0  13  0.00000000000000000e+00
0  14  0.00000000000000000e+00
0  15  0.00000000000000000e+00
0  16  0.00000000000000000e+00
0  17  0.00000000000000000e+00
0  18  0.00000000000000000e+00
0  19  0.00000000000000000e+00
0  20  0.00000000000000000e+00
0  21  0.00000000000000000e+00
0  22  0.00000000000000000e+00
0  23  0.00000000000000000e+00
0  24  0.00000000000000000e+00
0  25  0.00000000000000000e+00
0  26  0.00000000000000000e+00
0  27  0.00000000000000000e+00
0  28  0.00000000000000000e+00
0  29  0.00000000000000000e+00
0  30  0.00000000000000000e+00
0  31  0.00000000000000000e+00
0  32  0.00000000000000000e+00
0  33  0.00000000000000000e+00
1  0  -7.08506012194135421e-02
1  1  6.87814706280893251e-01
1  2  9.20541982054523533e-03
1  3  -2.02949157710543282e-01
1  4  -2.97608378889703706e-01
1  5  4.58247691602498008e-02
1  6  -3.81134947877198593e-02
1  7  2.56747217500349900e-02
1  8  2.51851790801940589e-01
1  9  6.22623140367875028e-02
1  10  1.59531401559000197e-01
1  11  0.00000000000000000e+00
1  12  0.00000000000000000e+00
1  13  0.00000000000000000e+00
1  14  0.00000000000000000e+00
1  15  0.00000000000000000e+00
1  16  0.00000000000000000e+00
1  17  0.00000000000000000e+00
1  18  0.00000000000000000e+00
1  19  0.00000000000000000e+00
1  20  0.00000000000000000e+00
1  21  0.00000000000000000e+00
1  22  0.00000000000000000e+00
1  23  0.00000000000000000e+00
1  24  0.00000000000000000e+00
1  25  0.00000000000000000e+00
1  26  0.00000000000000000e+00
1  27  0.00000000000000000e+00
1  28  0.00000000000000000e+00
1  29  0.00000000000000000e+00
1  30  0.00000000000000000e+00
1  31  0.00000000000000000e+00
1  32  0.00000000000000000e+00
1  33  0.00000000000000000e+00
2  0  -1.35616207656452173e-02
2  1  6.05502987294535347e-02
2  2  4.06034057655719649e-01
2  3  -9.36201069997532054e-02
2  4  -1.93380901692001672e-01
2  5  4.52383449136420923e-02
2  6  -9.14306434219619435e-02
2  7  5.33268439812746298e-02
2  8  2.48340469656330720e-01
2  9  1.77857983717948809e-01
2  10  5.47750468783536615e-03
2  11  0.00000000000000000e+00
2  12  0.00000000000000000e+00
2  13  0.00000000000000000e+00
2  14  0.00000000000000000e+00
2  15  0.00000000000000000e+00
2  16  0.00000000000000000e+00
2  17  0.00000000000000000e+00
2  18  0.00000000000000000e+00
2  19  0.00000000000000000e+00
2  20  0.00000000000000000e+00
2  21  0.00000000000000000e+00
2  22  0.00000000000000000e+00
2  23  0.00000000000000000e+00
2  24  0.00000000000000000e+00
2  25  0.00000000000000000e+00
2  26  0.00000000000000000e+00
2  27  0.00000000000000000e+00
2  28  0.00000000000000000e+00
2  29  0.00000000000000000e+00
2  30  0.00000000000000000e+00
2  31  0.00000000000000000e+00
2  32  0.00000000000000000e+00
2  33  0.00000000000000000e+00
3  0  -1.55358665634036053e-01
3  1  2.92005543353471841e-02
3  2  1.20189498067395026e-01
3  3  2.57953730184163788e-01
3  4  4.79002824661231563e-02
3  5  -1.30800394543129223e-01
3  6  -4.59779263411141392e-02
3  7  2.12818142054126497e-01
3  8  -1.15015033670751166e-02
3  9  2.90344161662267564e-01
3  10  -7.26248556259451172e-02
3  11  0.00000000000000000e+00
3  12  0.00000000000000000e+00
3  13  0.00000000000000000e+00
3  14  0.00000000000000000e+00
3  15  0.00000000000000000e+00
3  16  0.00000000000000000e+00
3  17  0.00000000000000000e+00
3  18  0.00000000000000000e+00
3  19  0.00000000000000000e+00
3  20  0.00000000000000000e+00
3  21  0.00000000000000000e+00
3  22  0.00000000000000000e+00
3  23  0.00000000000000000e+00
3  24  0.00000000000000000e+00
3  25  0.00000000000000000e+00
3  26  0.00000000000000000e+00
3  27  0.00000000000000000e+00
3  28  0.00000000000000000e+00
3  29  0.00000000000000000e+00
3  30  0.00000000000000000e+00
3  31  0.00000000000000000e+00
3  32  0.00000000000000000e+00
3  33  0.00000000000000000e+00
4  0  -2.26499786668102082e-01
4  1  3.65239368177063817e-02
4  2  7.65897249521971524e-02
4  3  -4.80595483104895860e-02
4  4  3.65771869009091311e-01
4  5  -1.38314031726410602e-02
4  6  8.86414085636035298e-02
4  7  2.13322854030922326e-02
4  8  1.38640650458331183e-01
4  9  1.28588570480465569e-01
4  10  2.18527676578772478e-02
4  11  0.00000000000000000e+00
4  12  0.00000000000000000e+00
4  13  0.00000000000000000e+00
4  14  0.00000000000000000e+00
4  15  0.00000000000000000e+00
4  16  0.00000000000000000e+00
4  17  0.00000000000000000e+00
4  18  0.00000000000000000e+00
4  19  0.00000000000000000e+00
4  20  0.00000000000000000e+00
4  21  0.00000000000000000e+00
4  22  0.00000000000000000e+00
4  23  0.00000000000000000e+00
4  24  0.00000000000000000e+00
4  25  0.00000000000000000e+00
4  26  0.00000000000000000e+00
4  27  0.00000000000000000e+00
4  28  0.00000000000000000e+00
4  29  0.00000000000000000e+00
4  30  0.00000000000000000e+00
4  31  0.00000000000000000e+00
4  32  0.00000000000000000e+00
4  33  0.00000000000000000e+00
5  0  -3.33576170657277904e-01
5  1  1.84010059452877239e-01
5  2  1.70043658797422170e-01
5  3  -2.77482424420299634e-01
5  4  -1.19546945438429253e-01
5  5  6.31610693553163904e-01
5  6  6.72841670118565771e-02
5  7  1.07923229944821231e-01
5  8  1.35523027124594020e-01
5  9  -7.13778441817818909e-02
5  10  1.80728246882943588e-01
5  11  0.00000000000000000e+00
5  12  0.00000000000000000e+00
5  13  0.00000000000000000e+00
5  14  0.00000000000000000e+00
5  15  0.00000000000000000e+00
5  16  0.00000000000000000e+00
5  17  0.00000000000000000e+00
5  18  0.00000000000000000e+00
5  19  0.00000000000000000e+00
5  20  0.00000000000000000e+00
5  21  0.00000000000000000e+00
5  22  0.00000000000000000e+00
5  23  0.00000000000000000e+00
5  24  0.00000000000000000e+00
5  25  0.00000000000000000e+00
5  26  0.00000000000000000e+00
5  27  0.00000000000000000e+00
5  28  0.00000000000000000e+00
5  29  0.00000000000000000e+00
5  30  0.00000000000000000e+00
5  31  0.00000000000000000e+00
5  32  0.00000000000000000e+00
5  33  0.00000000000000000e+00
6  0  -2.22855661211380091e-01
6  1  1.13112864406366836e-01
6  2  8.80452774324835263e-02
6  3  -2.13897569702850232e-01
6  4  -7.63926545306329308e-02
6  5  -3.73066434581462714e-02
6  6  7.19824092041168928e-01
6  7  2.07850911210556155e-01
6  8  1.97737344066306608e-03
6  9  2.41283294154799322e-02
6  10  9.90031893529492724e-02
6  11  0.00000000000000000e+00
6  12  0.00000000000000000e+00
6  13  0.00000000000000000e+00
6  14  0.00000000000000000e+00
6  15  0.00000000000000000e+00
6  16  0.00000000000000000e+00
6  17  0.00000000000000000e+00
6  18  0.00000000000000000e+00
6  19  0.00000000000000000e+00
6  20  0.00000000000000000e+00
6  21  0.00000000000000000e+00
6  22  0.00000000000000000e+00
6  23  0.00000000000000000e+00
6  24  0.00000000000000000e+00
6  25  0.00000000000000000e+00
6  26  0.00000000000000000e+00
6  27  0.00000000000000000e+00
6  28  0.00000000000000000e+00
6  29  0.00000000000000000e+00
6  30  0.00000000000000000e+00
6  31  0.00000000000000000e+00
6  32  0.00000000000000000e+00
6  33  0.00000000000000000e+00
7  0  -1.87495477618348394e-01
7  1  6.42588465784804386e-02
7  2  1.04816761782634826e-01
7  3  -6.11460971615311391e-02
7  4  -1.89214940079301230e-01
7  5  -3.23268138883971989e-02
7  6  1.87241104911938738e-01
7  7  6.34129862700945179e-01
7  8  7.89920436192235176e-02
7  9  1.89939723912408653e-01
7  10  -1.17327518857486490e-01
7  11  0.00000000000000000e+00
7  12  0.00000000000000000e+00
7  13  0.00000000000000000e+00
7  14  0.00000000000000000e+00
7  15  0.00000000000000000e+00
7  16  0.00000000000000000e+00
7  17  0.00000000000000000e+00
7  18  0.00000000000000000e+00
7  19  0.00000000000000000e+00
7  20  0.00000000000000000e+00
7  21  0.00000000000000000e+00
7  22  0.00000000000000000e+00
7  23  0.00000000000000000e+00
7  24  0.00000000000000000e+00
7  25  0.00000000000000000e+00
7  26  0.00000000000000000e+00
7  27  0.00000000000000000e+00
7  28  0.00000000000000000e+00
7  29  0.00000000000000000e+00
7  30  0.00000000000000000e+00
7  31  0.00000000000000000e+00
7  32  0.00000000000000000e+00
7  33  0.00000000000000000e+00
8  0  -2.41944553729686401e-01
8  1  1.32866210686203301e-01
8  2  2.53427421974398492e-01
8  3  -2.59371779344098052e-01
8  4  -2.39604244352062956e-02
8  5  -1.40102475946424221e-02
8  6  -1.89906119926372408e-02
8  7  6.31875588442866037e-02
8  8  7.07762494787092966e-01
8  9  2.36723752292320344e-01
8  10  -1.01231485076127004e-01
8  11  0.00000000000000000e+00
8  12  0.00000000000000000e+00
8  13  0.00000000000000000e+00
8  14  0.00000000000000000e+00
8  15  0.00000000000000000e+00
8  16  0.00000000000000000e+00
8  17  0.00000000000000000e+00
8  18  0.00000000000000000e+00
8  19  0.00000000000000000e+00
8  20  0.00000000000000000e+00
8  21  0.00000000000000000e+00
8  22  0.00000000000000000e+00
8  23  0.00000000000000000e+00
8  24  0.00000000000000000e+00
8  25  0.00000000000000000e+00
8  26  0.00000000000000000e+00
8  27  0.00000000000000000e+00
8  28  0.00000000000000000e+00
8  29  0.00000000000000000e+00
8  30  0.00000000000000000e+00
8  31  0.00000000000000000e+00
8  32  0.00000000000000000e+00
8  33  0.00000000000000000e+00
9  0  -1.42449205386483868e-01
9  1  4.40178291937757815e-02
9  2  1.45707430288366052e-01
9  3  -4.76133346778526215e-02
9  4  -1.19656859502549791e-02
9  5  -1.26121711651081048e-01
9  6  -1.46620050347223974e-02
9  7  4.40010359769375664e-02
9  8  1.65830066856770153e-01
9  9  6.25767169330006423e-01
9  10  1.48380560393558847e-01
9  11  0.00000000000000000e+00
9  12  0.00000000000000000e+00
9  13  0.00000000000000000e+00
9  14  0.00000000000000000e+00
9  15  0.00000000000000000e+00
9  16  0.00000000000000000e+00
9  17  0.00000000000000000e+00
9  18  0.00000000000000000e+00
9  19  0.00000000000000000e+00
9  20  0.00000000000000000e+00
9  21  0.00000000000000000e+00
9  22  0.00000000000000000e+00
9  23  0.00000000000000000e+00
9  24  0.00000000000000000e+00
9  25  0.00000000000000000e+00
9  26  0.00000000000000000e+00
9  27  0.00000000000000000e+00
9  28  0.00000000000000000e+00
9  29  0.00000000000000000e+00
9  30  0.00000000000000000e+00
9  31  0.00000000000000000e+00
9  32  0.00000000000000000e+00
9  33  0.00000000000000000e+00
10  0  -5.80286207143549532e-02
10  1  8.58398810535833390e-02
10  2  3.48779468654908595e-02
10  3  -1.10096659137727676e-01
10  4  -3.81817709457498086e-02
10  5  5.72394125519901653e-02
10  6  5.99718228228594691e-02
10  7  -9.42128530074289455e-02
10  8  -3.38429724157779249e-02
10  9  2.01546501184521887e-01
10  10  6.20666772824207125e-01
10  11  0.00000000000000000e+00
10  12  0.00000000000000000e+00
10  13  0.00000000000000000e+00
10  14  0.00000000000000000e+00
10  15  0.00000000000000000e+00
10  16  0.00000000000000000e+00
10  17  0.00000000000000000e+00
10  18  0.00000000000000000e+00
10  19  0.00000000000000000e+00
10  20  0.00000000000000000e+00
10  21  0.00000000000000000e+00
10  22  0.00000000000000000e+00
10  23  0.00000000000000000e+00
10  24  0.00000000000000000e+00
10  25  0.00000000000000000e+00
10  26  0.00000000000000000e+00
10  27  0.00000000000000000e+00
10  28  0.00000000000000000e+00
10  29  0.00000000000000000e+00
10  30  0.00000000000000000e+00
10  31  0.00000000000000000e+00
10  32  0.00000000000000000e+00
10  33  0.00000000000000000e+00
11  0  0.00000000000000000e+00
11  1  0.00000000000000000e+00
11  2  0.00000000000000000e+00
11  3  0.00000000000000000e+00
11  4  0.00000000000000000e+00
11  5  0.00000000000000000e+00
11  6  0.00000000000000000e+00
11  7  0.00000000000000000e+00
11  8  0.00000000000000000e+00
11  9  0.00000000000000000e+00
11  10  0.00000000000000000e+00
11  11  2.28304025968642299e-01
11  12  1.11370843543791231e-01
11  13  1.43622885679587531e-01
11  14  -1.05893262663367793e-01
11  15  9.80390085255495314e-02
11  16  0.00000000000000000e+00
11  17  0.00000000000000000e+00
11  18  0.00000000000000000e+00
11  19  0.00000000000000000e+00
11  20  0.00000000000000000e+00
11  21  0.00000000000000000e+00
11  22  0.00000000000000000e+00
11  23  0.00000000000000000e+00
11  24  0.00000000000000000e+00
11  25  0.00000000000000000e+00
11  26  0.00000000000000000e+00
11  27  0.00000000000000000e+00
11  28  0.00000000000000000e+00
11  29  0.00000000000000000e+00
11  30  0.00000000000000000e+00
11  31  0.00000000000000000e+00
11  32  0.00000000000000000e+00
11  33  0.00000000000000000e+00
12  0  0.00000000000000000e+00
12  1  0.00000000000000000e+00
12  2  0.00000000000000000e+00
12  3  0.00000000000000000e+00
12  4  0.00000000000000000e+00
12  5  0.00000000000000000e+00
12  6  0.00000000000000000e+00
12  7  0.00000000000000000e+00
12  8  0.00000000000000000e+00
12  9  0.00000000000000000e+00
12  10  0.00000000000000000e+00
12  11  -2.12229013864103783e-01
12  12  4.45995380544066844e-01
12  13  1.48589708431932116e-01
12  14  2.71191564722468192e-01
12  15  -3.51680893091699254e-02
12  16  0.00000000000000000e+00
12  17  0.00000000000000000e+00
12  18  0.00000000000000000e+00
12  19  0.00000000000000000e+00
12  20  0.00000000000000000e+00
12  21  0.00000000000000000e+00
12  22  0.00000000000000000e+00
12  23  0.00000000000000000e+00
12  24  0.00000000000000000e+00
12  25  0.00000000000000000e+00
12  26  0.00000000000000000e+00
12  27  0.00000000000000000e+00
12  28  0.00000000000000000e+00
12  29  0.00000000000000000e+00
12  30  0.00000000000000000e+00
12  31  0.00000000000000000e+00
12  32  0.00000000000000000e+00
12  33  0.00000000000000000e+00
13  0  0.00000000000000000e+00
13  1  0.00000000000000000e+00
13  2  0.00000000000000000e+00
13  3  0.00000000000000000e+00
13  4  0.00000000000000000e+00
13  5  0.00000000000000000e+00
13  6  0.00000000000000000e+00
13  7  0.00000000000000000e+00
13  8  0.00000000000000000e+00
13  9  0.00000000000000000e+00
13  10  0.00000000000000000e+00
13  11  -3.18137516696574363e-01
13  12  2.12471354976254689e-02
13  13  9.46906738382756741e-01
13  14  -2.20635715891939199e-02
13  15  4.52517182973651844e-02
13  16  0.00000000000000000e+00
13  17  0.00000000000000000e+00
13  18  0.00000000000000000e+00
13  19  0.00000000000000000e+00
13  20  0.00000000000000000e+00
13  21  0.00000000000000000e+00
13  22  0.00000000000000000e+00
13  23  0.00000000000000000e+00
13  24  0.00000000000000000e+00
13  25  0.00000000000000000e+00
13  26  0.00000000000000000e+00
13  27  0.00000000000000000e+00
13  28  0.00000000000000000e+00
13  29  0.00000000000000000e+00
13  30  0.00000000000000000e+00
13  31  0.00000000000000000e+00
13  32  0.00000000000000000e+00
13  33  0.00000000000000000e+00
14  0  0.00000000000000000e+00
14  1  0.00000000000000000e+00
14  2  0.00000000000000000e+00
14  3  0.00000000000000000e+00
14  4  0.00000000000000000e+00
14  5  0.00000000000000000e+00
14  6  0.00000000000000000e+00
14  7  0.00000000000000000e+00
14  8  0.00000000000000000e+00
14  9  0.00000000000000000e+00
14  10  0.00000000000000000e+00
14  11  -4.19079196776700580e-01
14  12  3.89849097649664467e-01
14  13  -7.68103548727615271e-03
14  14  6.49203930469232970e-01
14  15  1.13482832391063604e-01
14  16  0.00000000000000000e+00
14  17  0.00000000000000000e+00
14  18  0.00000000000000000e+00
14  19  0.00000000000000000e+00
14  20  0.00000000000000000e+00
14  21  0.00000000000000000e+00
14  22  0.00000000000000000e+00
14  23  0.00000000000000000e+00
14  24  0.00000000000000000e+00
14  25  0.00000000000000000e+00
14  26  0.00000000000000000e+00
14  27  0.00000000000000000e+00
14  28  0.00000000000000000e+00
14  29  0.00000000000000000e+00
14  30  0.00000000000000000e+00
14  31  0.00000000000000000e+00
14  32  0.00000000000000000e+00
14  33  0.00000000000000000e+00
15  0  0.00000000000000000e+00
15  1  0.00000000000000000e+00
15  2  0.00000000000000000e+00
15  3  0.00000000000000000e+00
15  4  0.00000000000000000e+00
15  5  0.00000000000000000e+00
15  6  0.00000000000000000e+00
15  7  0.00000000000000000e+00
15  8  0.00000000000000000e+00
15  9  0.00000000000000000e+00
15  10  0.00000000000000000e+00
15  11  -1.42936049470990700e-01
15  12  8.81110961042050611e-02
15  13  2.25382901278037284e-03
15  14  -4.44195961606761724e-02
15  15  9.19757069275347172e-01
15  16  0.00000000000000000e+00
15  17  0.00000000000000000e+00
15  18  0.00000000000000000e+00
15  19  0.00000000000000000e+00
15  20  0.00000000000000000e+00
15  21  0.00000000000000000e+00
15  22  0.00000000000000000e+00
15  23  0.00000000000000000e+00
15  24  0.00000000000000000e+00
15  25  0.00000000000000000e+00
15  26  0.00000000000000000e+00
15  27  0.00000000000000000e+00
15  28  0.00000000000000000e+00
15  29  0.00000000000000000e+00
15  30  0.00000000000000000e+00
15  31  0.00000000000000000e+00
15  32  0.00000000000000000e+00
15  33  0.00000000000000000e+00
16  0  0.00000000000000000e+00
16  1  0.00000000000000000e+00
16  2  0.00000000000000000e+00
16  3  0.00000000000000000e+00
16  4  0.00000000000000000e+00
16  5  0.00000000000000000e+00
16  6  0.00000000000000000e+00
16  7  0.00000000000000000e+00
16  8  0.00000000000000000e+00
16  9  0.00000000000000000e+00
16  10  0.00000000000000000e+00
16  11  0.00000000000000000e+00
16  12  0.00000000000000000e+00
16  13  0.00000000000000000e+00
16  14  0.00000000000000000e+00
16  15  0.00000000000000000e+00
16  16  7.13901858457893668e-01
16  17  2.57711890510489150e-01
16  18  -1.29732351863208750e-01
16  19  1.47125083935717882e-01
16  20  -1.06595546412801556e-01
16  21  -8.76655908993141386e-02
16  22  -4.96297231265130367e-02
16  23  0.00000000000000000e+00
16  24  0.00000000000000000e+00
16  25  0.00000000000000000e+00
16  26  0.00000000000000000e+00
16  27  0.00000000000000000e+00
16  28  0.00000000000000000e+00
16  29  0.00000000000000000e+00
16  30  0.00000000000000000e+00
16  31  0.00000000000000000e+00
16  32  0.00000000000000000e+00
16  33  0.00000000000000000e+00
17  0  0.00000000000000000e+00
17  1  0.00000000000000000e+00
17  2  0.00000000000000000e+00
17  3  0.00000000000000000e+00
17  4  0.00000000000000000e+00
17  5  0.00000000000000000e+00
17  6  0.00000000000000000e+00
17  7  0.00000000000000000e+00
17  8  0.00000000000000000e+00
17  9  0.00000000000000000e+00
17  10  0.00000000000000000e+00
17  11  0.00000000000000000e+00
17  12  0.00000000000000000e+00
17  13  0.00000000000000000e+00
17  14  0.00000000000000000e+00
17  15  0.00000000000000000e+00
17  16  1.12336476366267285e-01
17  17  6.61477020711470298e-01
17  18  8.04431334352306848e-02
17  19  1.47673371941514309e-01
17  20  -1.23006122221579917e-01
17  21  -9.78018921537358032e-02
17  22  4.12690632708870853e-02
17  23  0.00000000000000000e+00
17  24  0.00000000000000000e+00
17  25  0.00000000000000000e+00
17  26  0.00000000000000000e+00
17  27  0.00000000000000000e+00
17  28  0.00000000000000000e+00
17  29  0.00000000000000000e+00
17  30  0.00000000000000000e+00
17  31  0.00000000000000000e+00
17  32  0.00000000000000000e+00
17  33  0.00000000000000000e+00
18  0  0.00000000000000000e+00
18  1  0.00000000000000000e+00
18  2  0.00000000000000000e+00
18  3  0.00000000000000000e+00
18  4  0.00000000000000000e+00
18  5  0.00000000000000000e+00
18  6  0.00000000000000000e+00
18  7  0.00000000000000000e+00
18  8  0.00000000000000000e+00
18  9  0.00000000000000000e+00
18  10  0.00000000000000000e+00
18  11  0.00000000000000000e+00
18  12  0.00000000000000000e+00
18  13  0.00000000000000000e+00
18  14  0.00000000000000000e+00
18  15  0.00000000000000000e+00
18  16  -8.54637755243781716e-02
18  17  1.47032252488592724e-01
18  18  6.78757043813633110e-01
18  19  2.83392629487554837e-01
18  20  -1.83662281454673559e-01
18  21  2.99793790744273814e-02
18  22  -6.71149599589320189e-02
18  23  0.00000000000000000e+00
18  24  0.00000000000000000e+00
18  25  0.00000000000000000e+00
18  26  0.00000000000000000e+00
18  27  0.00000000000000000e+00
18  28  0.00000000000000000e+00
18  29  0.00000000000000000e+00
18  30  0.00000000000000000e+00
18  31  0.00000000000000000e+00
18  32  0.00000000000000000e+00
18  33  0.00000000000000000e+00
19  0  0.00000000000000000e+00
19  1  0.00000000000000000e+00
19  2  0.00000000000000000e+00
19  3  0.00000000000000000e+00
19  4  0.00000000000000000e+00
19  5  0.00000000000000000e+00
19  6  0.00000000000000000e+00
19  7  0.00000000000000000e+00
19  8  0.00000000000000000e+00
19  9  0.00000000000000000e+00
19  10  0.00000000000000000e+00
19  11  0.00000000000000000e+00
19  12  0.00000000000000000e+00
19  13  0.00000000000000000e+00
19  14  0.00000000000000000e+00
19  15  0.00000000000000000e+00
19  16  -7.30885421165839988e-02
19  17  2.07259093456781882e-02
19  18  7.88021997203414426e-02
19  19  9.14060583146035444e-01
19  20  -9.21153598948980523e-02
19  21  7.78474000925815091e-02
19  22  -1.31059332944277074e-01
19  23  0.00000000000000000e+00
19  24  0.00000000000000000e+00
19  25  0.00000000000000000e+00
19  26  0.00000000000000000e+00
19  27  0.00000000000000000e+00
19  28  0.00000000000000000e+00
19  29  0.00000000000000000e+00
19  30  0.00000000000000000e+00
19  31  0.00000000000000000e+00
19  32  0.00000000000000000e+00
19  33  0.00000000000000000e+00
20  0  0.00000000000000000e+00
20  1  0.00000000000000000e+00
20  2  0.00000000000000000e+00
20  3  0.00000000000000000e+00
20  4  0.00000000000000000e+00
20  5  0.00000000000000000e+00
20  6  0.00000000000000000e+00
20  7  0.00000000000000000e+00
20  8  0.00000000000000000e+00
20  9  0.00000000000000000e+00
20  10  0.00000000000000000e+00
20  11  0.00000000000000000e+00
20  12  0.00000000000000000e+00
20  13  0.00000000000000000e+00
20  14  0.00000000000000000e+00
20  15  0.00000000000000000e+00
20  16  -6.01650207029933576e-02
20  17  2.95905357430070806e-02
20  18  -2.62039482605092092e-02
20  19  4.46211363696173091e-01
20  20  4.54743356961499368e-01
20  21  -1.95467663370506139e-01
20  22  3.87633717964089852e-02
20  23  0.00000000000000000e+00
20  24  0.00000000000000000e+00
20  25  0.00000000000000000e+00
20  26  0.00000000000000000e+00
20  27  0.00000000000000000e+00
20  28  0.00000000000000000e+00
20  29  0.00000000000000000e+00
20  30  0.00000000000000000e+00
20  31  0.00000000000000000e+00
20  32  0.00000000000000000e+00
20  33  0.00000000000000000e+00
21  0  0.00000000000000000e+00
21  1  0.00000000000000000e+00
21  2  0.00000000000000000e+00
21  3  0.00000000000000000e+00
21  4  0.00000000000000000e+00
21  5  0.00000000000000000e+00
21  6  0.00000000000000000e+00
21  7  0.00000000000000000e+00
21  8  0.00000000000000000e+00
21  9  0.00000000000000000e+00
21  10  0.00000000000000000e+00
21  11  0.00000000000000000e+00
21  12  0.00000000000000000e+00
21  13  0.00000000000000000e+00
21  14  0.00000000000000000e+00
21  15  0.00000000000000000e+00
21  16  -6.36520750981813127e-02
21  17  -5.79042128397859457e-03
21  18  2.09929845515085603e-02
21  19  4.33673939542932707e-01
21  20  -1.69015589696716706e-01
21  21  2.10421470398453825e-01
21  22  2.66711165086148894e-01
21  23  0.00000000000000000e+00
21  24  0.00000000000000000e+00
21  25  0.00000000000000000e+00
21  26  0.00000000000000000e+00
21  27  0.00000000000000000e+00
21  28  0.00000000000000000e+00
21  29  0.00000000000000000e+00
21  30  0.00000000000000000e+00
21  31  0.00000000000000000e+00
21  32  0.00000000000000000e+00
21  33  0.00000000000000000e+00
22  0  0.00000000000000000e+00
22  1  0.00000000000000000e+00
22  2  0.00000000000000000e+00
22  3  0.00000000000000000e+00
22  4  0.00000000000000000e+00
22  5  0.00000000000000000e+00
22  6  0.00000000000000000e+00
22  7  0.00000000000000000e+00
22  8  0.00000000000000000e+00
22  9  0.00000000000000000e+00
22  10  0.00000000000000000e+00
22  11  0.00000000000000000e+00
22  12  0.00000000000000000e+00
22  13  0.00000000000000000e+00
22  14  0.00000000000000000e+00
22  15  0.00000000000000000e+00
22  16  -7.72754307477907521e-02
22  17  9.67461941716204199e-02
22  18  -1.17233328464829093e-02
22  19  9.99534309084509492e-02
22  20  -1.13570339122885278e-01
22  21  -6.15593524048107729e-03
22  22  7.17392299255304677e-01
22  23  0.00000000000000000e+00
22  24  0.00000000000000000e+00
22  25  0.00000000000000000e+00
22  26  0.00000000000000000e+00
22  27  0.00000000000000000e+00
22  28  0.00000000000000000e+00
22  29  0.00000000000000000e+00
22  30  0.00000000000000000e+00
22  31  0.00000000000000000e+00
22  32  0.00000000000000000e+00
22  33  0.00000000000000000e+00
23  0  0.00000000000000000e+00
23  1  0.00000000000000000e+00
23  2  0.00000000000000000e+00
23  3  0.00000000000000000e+00
23  4  0.00000000000000000e+00
23  5  0.00000000000000000e+00
23  6  0.00000000000000000e+00
23  7  0.00000000000000000e+00
23  8  0.00000000000000000e+00
23  9  0.00000000000000000e+00
23  10  0.00000000000000000e+00
23  11  0.00000000000000000e+00
23  12  0.00000000000000000e+00
23  13  0.00000000000000000e+00
23  14  0.00000000000000000e+00
23  15  0.00000000000000000e+00
23  16  0.00000000000000000e+00
23  17  0.00000000000000000e+00
23  18  0.00000000000000000e+00
23  19  0.00000000000000000e+00
23  20  0.00000000000000000e+00
23  21  0.00000000000000000e+00
23  22  0.00000000000000000e+00
23  23  6.40774190757809836e-01
23  24  6.27954837245906505e-02
23  25  3.55917876238440067e-01
23  26  -4.33036250133114198e-02
23  27  0.00000000000000000e+00
23  28  0.00000000000000000e+00
23  29  0.00000000000000000e+00
23  30  0.00000000000000000e+00
23  31  0.00000000000000000e+00
23  32  0.00000000000000000e+00
23  33  0.00000000000000000e+00
24  0  0.00000000000000000e+00
24  1  0.00000000000000000e+00
24  2  0.00000000000000000e+00
24  3  0.00000000000000000e+00
24  4  0.00000000000000000e+00
24  5  0.00000000000000000e+00
24  6  0.00000000000000000e+00
24  7  0.00000000000000000e+00
24  8  0.00000000000000000e+00
24  9  0.00000000000000000e+00
24  10  0.00000000000000000e+00
24  11  0.00000000000000000e+00
24  12  0.00000000000000000e+00
24  13  0.00000000000000000e+00
24  14  0.00000000000000000e+00
24  15  0.00000000000000000e+00
24  16  0.00000000000000000e+00
24  17  0.00000000000000000e+00
24  18  0.00000000000000000e+00
24  19  0.00000000000000000e+00
24  20  0.00000000000000000e+00
24  21  0.00000000000000000e+00
24  22  0.00000000000000000e+00
24  23  -1.43489710334155363e-02
24  24  7.59474140903930284e-01
24  25  2.73142372187136107e-01
24  26  1.19298679583703660e-02
24  27  0.00000000000000000e+00
24  28  0.00000000000000000e+00
24  29  0.00000000000000000e+00
24  30  0.00000000000000000e+00
24  31  0.00000000000000000e+00
24  32  0.00000000000000000e+00
24  33  0.00000000000000000e+00
25  0  0.00000000000000000e+00
25  1  0.00000000000000000e+00
25  2  0.00000000000000000e+00
25  3  0.00000000000000000e+00
25  4  0.00000000000000000e+00
25  5  0.00000000000000000e+00
25  6  0.00000000000000000e+00
25  7  0.00000000000000000e+00
25  8  0.00000000000000000e+00
25  9  0.00000000000000000e+00
25  10  0.00000000000000000e+00
25  11  0.00000000000000000e+00
25  12  0.00000000000000000e+00
25  13  0.00000000000000000e+00
25  14  0.00000000000000000e+00
25  15  0.00000000000000000e+00
25  16  0.00000000000000000e+00
25  17  0.00000000000000000e+00
25  18  0.00000000000000000e+00
25  19  0.00000000000000000e+00
25  20  0.00000000000000000e+00
25  21  0.00000000000000000e+00
25  22  0.00000000000000000e+00
25  23  2.72065243546985372e-02
25  24  2.69651998277400329e-01
25  25  5.87970225196148277e-01
25  26  -1.80510662149219181e-02
25  27  0.00000000000000000e+00
25  28  0.00000000000000000e+00
25  29  0.00000000000000000e+00
25  30  0.00000000000000000e+00
25  31  0.00000000000000000e+00
25  32  0.00000000000000000e+00
25  33  0.00000000000000000e+00
26  0  0.00000000000000000e+00
26  1  0.00000000000000000e+00
26  2  0.00000000000000000e+00
26  3  0.00000000000000000e+00
26  4  0.00000000000000000e+00
26  5  0.00000000000000000e+00
26  6  0.00000000000000000e+00
26  7  0.00000000000000000e+00
26  8  0.00000000000000000e+00
26  9  0.00000000000000000e+00
26  10  0.00000000000000000e+00
26  11  0.00000000000000000e+00
26  12  0.00000000000000000e+00
26  13  0.00000000000000000e+00
26  14  0.00000000000000000e+00
26  15  0.00000000000000000e+00
26  16  0.00000000000000000e+00
26  17  0.00000000000000000e+00
26  18  0.00000000000000000e+00
26  19  0.00000000000000000e+00
26  20  0.00000000000000000e+00
26  21  0.00000000000000000e+00
26  22  0.00000000000000000e+00
26  23  -1.40134843084915028e-02
26  24  1.77433212711187199e-01
26  25  -1.62830898107555910e-01
26  26  8.65600021023045785e-01
26  27  0.00000000000000000e+00
26  28  0.00000000000000000e+00
26  29  0.00000000000000000e+00
26  30  0.00000000000000000e+00
26  31  0.00000000000000000e+00
26  32  0.00000000000000000e+00
26  33  0.00000000000000000e+00
27  0  0.00000000000000000e+00
27  1  0.00000000000000000e+00
27  2  0.00000000000000000e+00
27  3  0.00000000000000000e+00
27  4  0.00000000000000000e+00
27  5  0.00000000000000000e+00
27  6  0.00000000000000000e+00
27  7  0.00000000000000000e+00
27  8  0.00000000000000000e+00
27  9  0.00000000000000000e+00
27  10  0.00000000000000000e+00
27  11  0.00000000000000000e+00
27  12  0.00000000000000000e+00
27  13  0.00000000000000000e+00
27  14  0.00000000000000000e+00
27  15  0.00000000000000000e+00
27  16  0.00000000000000000e+00
27  17  0.00000000000000000e+00
27  18  0.00000000000000000e+00
27  19  0.00000000000000000e+00
27  20  0.00000000000000000e+00
27  21  0.00000000000000000e+00
27  22  0.00000000000000000e+00
27  23  0.00000000000000000e+00
27  24  0.00000000000000000e+00
27  25  0.00000000000000000e+00
27  26  0.00000000000000000e+00
27  27  6.82863886347409577e-01
27  28  1.16126760280764740e-01
27  29  -2.00059733492136127e-02
27  30  8.06896390045164225e-03
27  31  -5.98621391040669026e-02
27  32  -1.09479408176609283e-02
27  33  -3.82688571410035872e-02
28  0  0.00000000000000000e+00
28  1  0.00000000000000000e+00
28  2  0.00000000000000000e+00
28  3  0.00000000000000000e+00
28  4  0.00000000000000000e+00
28  5  0.00000000000000000e+00
28  6  0.00000000000000000e+00
28  7  0.00000000000000000e+00
28  8  0.00000000000000000e+00
28  9  0.00000000000000000e+00
28  10  0.00000000000000000e+00
28  11  0.00000000000000000e+00
28  12  0.00000000000000000e+00
28  13  0.00000000000000000e+00
28  14  0.00000000000000000e+00
28  15  0.00000000000000000e+00
28  16  0.00000000000000000e+00
28  17  0.00000000000000000e+00
28  18  0.00000000000000000e+00
28  19  0.00000000000000000e+00
28  20  0.00000000000000000e+00
28  21  0.00000000000000000e+00
28  22  0.00000000000000000e+00
28  23  0.00000000000000000e+00
28  24  0.00000000000000000e+00
28  25  0.00000000000000000e+00
28  26  0.00000000000000000e+00
28  27  -9.27049373116282938e-03
28  28  7.13549074907851244e-01
28  29  9.74030580037488214e-03
28  30  -5.18340706692920206e-02
28  31  4.22483216568358966e-02
28  32  1.72068064769197115e-01
28  33  -4.22086216263185543e-02
29  0  0.00000000000000000e+00
29  1  0.00000000000000000e+00
29  2  0.00000000000000000e+00
29  3  0.00000000000000000e+00
29  4  0.00000000000000000e+00
29  5  0.00000000000000000e+00
29  6  0.00000000000000000e+00
29  7  0.00000000000000000e+00
29  8  0.00000000000000000e+00
29  9  0.00000000000000000e+00
29  10  0.00000000000000000e+00
29  11  0.00000000000000000e+00
29  12  0.00000000000000000e+00
29  13  0.00000000000000000e+00
29  14  0.00000000000000000e+00
29  15  0.00000000000000000e+00
29  16  0.00000000000000000e+00
29  17  0.00000000000000000e+00
29  18  0.00000000000000000e+00
29  19  0.00000000000000000e+00
29  20  0.00000000000000000e+00
29  21  0.00000000000000000e+00
29  22  0.00000000000000000e+00
29  23  0.00000000000000000e+00
29  24  0.00000000000000000e+00
29  25  0.00000000000000000e+00
29  26  0.00000000000000000e+00
29  27  -1.03982559182649009e-01
29  28  4.01403223163722345e-01
29  29  3.67962884879386665e-01
29  30  -2.01707588367115886e-01
29  31  4.16602806958524918e-01
29  32  -8.76660527339867546e-02
29  33  -1.00553745131779171e-01
30  0  0.00000000000000000e+00
30  1  0.00000000000000000e+00
30  2  0.00000000000000000e+00
30  3  0.00000000000000000e+00
30  4  0.00000000000000000e+00
30  5  0.00000000000000000e+00
30  6  0.00000000000000000e+00
30  7  0.00000000000000000e+00
30  8  0.00000000000000000e+00
30  9  0.00000000000000000e+00
30  10  0.00000000000000000e+00
30  11  0.00000000000000000e+00
30  12  0.00000000000000000e+00
30  13  0.00000000000000000e+00
30  14  0.00000000000000000e+00
30  15  0.00000000000000000e+00
30  16  0.00000000000000000e+00
30  17  0.00000000000000000e+00
30  18  0.00000000000000000e+00
30  19  0.00000000000000000e+00
30  20  0.00000000000000000e+00
30  21  0.00000000000000000e+00
30  22  0.00000000000000000e+00
30  23  0.00000000000000000e+00
30  24  0.00000000000000000e+00
30  25  0.00000000000000000e+00
30  26  0.00000000000000000e+00
30  27  -1.68948345484546125e-01
30  28  4.17733671349016067e-01
30  29  -2.84902506144113721e-01
30  30  6.36106383792251595e-01
30  31  3.15694609827816164e-01
30  32  -1.78090564892600112e-01
30  33  -1.26115921219837168e-01
31  0  0.00000000000000000e+00
31  1  0.00000000000000000e+00
31  2  0.00000000000000000e+00
31  3  0.00000000000000000e+00
31  4  0.00000000000000000e+00
31  5  0.00000000000000000e+00
31  6  0.00000000000000000e+00
31  7  0.00000000000000000e+00
31  8  0.00000000000000000e+00
31  9  0.00000000000000000e+00
31  10  0.00000000000000000e+00
31  11  0.00000000000000000e+00
31  12  0.00000000000000000e+00
31  13  0.00000000000000000e+00
31  14  0.00000000000000000e+00
31  15  0.00000000000000000e+00
31  16  0.00000000000000000e+00
31  17  0.00000000000000000e+00
31  18  0.00000000000000000e+00
31  19  0.00000000000000000e+00
31  20  0.00000000000000000e+00
31  21  0.00000000000000000e+00
31  22  0.00000000000000000e+00
31  23  0.00000000000000000e+00
31  24  0.00000000000000000e+00
31  25  0.00000000000000000e+00
31  26  0.00000000000000000e+00
31  27  -2.93817166356186876e-01
31  28  3.44093636406229586e-01
31  29  4.99195926895772829e-02
31  30  6.82669372201169244e-02
31  31  6.79174819299924959e-01
31  32  -9.67403141035204639e-02
31  33  -2.53141440515447069e-01
32  0  0.00000000000000000e+00
32  1  0.00000000000000000e+00
32  2  0.00000000000000000e+00
32  3  0.00000000000000000e+00
32  4  0.00000000000000000e+00
32  5  0.00000000000000000e+00
32  6  0.00000000000000000e+00
32  7  0.00000000000000000e+00
32  8  0.00000000000000000e+00
32  9  0.00000000000000000e+00
32  10  0.00000000000000000e+00
32  11  0.00000000000000000e+00
32  12  0.00000000000000000e+00
32  13  0.00000000000000000e+00
32  14  0.00000000000000000e+00
32  15  0.00000000000000000e+00
32  16  0.00000000000000000e+00
32  17  0.00000000000000000e+00
32  18  0.00000000000000000e+00
32  19  0.00000000000000000e+00
32  20  0.00000000000000000e+00
32  21  0.00000000000000000e+00
32  22  0.00000000000000000e+00
32  23  0.00000000000000000e+00
32  24  0.00000000000000000e+00
32  25  0.00000000000000000e+00
32  26  0.00000000000000000e+00
32  27  -3.16575526466925050e-01
32  28  5.42697626004229550e-01
32  29  -9.05209909091292952e-02
32  30  -3.51841027492002661e-02
32  31  5.13780000326950759e-03
32  32  5.43004247827530095e-01
32  33  -1.54019343504957829e-01
33  0  0.00000000000000000e+00
33  1  0.00000000000000000e+00
33  2  0.00000000000000000e+00
33  3  0.00000000000000000e+00
33  4  0.00000000000000000e+00
33  5  0.00000000000000000e+00
33  6  0.00000000000000000e+00
33  7  0.00000000000000000e+00
33  8  0.00000000000000000e+00
33  9  0.00000000000000000e+00
33  10  0.00000000000000000e+00
33  11  0.00000000000000000e+00
33  12  0.00000000000000000e+00
33  13  0.00000000000000000e+00
33  14  0.00000000000000000e+00
33  15  0.00000000000000000e+00
33  16  0.00000000000000000e+00
33  17  0.00000000000000000e+00
33  18  0.00000000000000000e+00
33  19  0.00000000000000000e+00
33  20  0.00000000000000000e+00
33  21  0.00000000000000000e+00
33  22  0.00000000000000000e+00
33  23  0.00000000000000000e+00
33  24  0.00000000000000000e+00
33  25  0.00000000000000000e+00
33  26  0.00000000000000000e+00
33  27  -1.56317880990804903e-01
33  28  2.98551492512187433e-01
33  29  -6.16519691632660544e-02
33  30  3.31396202291759090e-02
33  31  -1.10504908151414741e-01
33  32  -6.72302227640535210e-02
33  33  6.22567446861168494e-01
