numXbins 34
0  2.16550664996055409e-01
1  3.31017585674026948e-01
2  2.50764710978917615e-01
3  2.07423517443723698e-01
4  1.94629464771497784e-01
5  3.07387884044039050e-01
6  2.04845265527302534e-01
7  2.86347316285260001e-01
8  2.89084612325326062e-01
9  2.62142190824741994e-01
10  1.84643419571625278e-01
11  3.24627686468387411e-01
12  3.89751996222883701e-01
13  6.32192574655544681e-01
14  6.51429850162436708e-01
15  1.28624465363757423e+00
16  2.25225163375530224e-01
17  3.76182960952163248e-01
18  5.52459640194721713e-01
19  5.68277404081631188e-01
20  5.33638860187459652e-01
21  3.89133674110486660e-01
22  3.52434755735012373e-01
23  4.51163350683120079e-01
24  4.10650751475505782e-01
25  2.75217218244463990e-01
26  2.60943651129666554e+00
27  2.30323653604909584e-01
28  5.20278978970141526e-01
29  4.60106432105000740e-01
30  4.59643215963599749e-01
31  4.35469173684068067e-01
32  4.16253199904694893e-01
33  2.88251429701112505e-01
